900007
900019
900037
900061
900089
900091
900103
900121
900139
900143
900149
900157
900161
900169
900187
900217
900233
900241
900253
900259
900283
900287
900293
900307
900329
900331
900349
900397
900409
900443
900461
900481
900491
900511
900539
900551
900553
900563
900569
900577
900583
900587
900589
900593
900607
900623
900649
900659
900671
900673
900689
900701
900719
900737
900743
900751
900761
900763
900773
900797
900803
900817
900821
900863
900869
900917
900929
900931
900937
900959
900971
900973
900997
901007
901009
901013
901063
901067
901079
901093
901097
901111
901133
901141
901169
901171
901177
901183
901193
901207
901211
901213
901247
901249
901253
901273
901279
901309
901333
901339
901367
901399
901403
901423
901427
901429
901441
901447
901451
901457
901471
901489
901499
901501
901513
901517
901529
901547
901567
901591
901613
901643
901657
901679
901687
901709
901717
901739
901741
901751
901781
901787
901811
901819
901841
901861
901891
901907
901909
901919
901931
901937
901963
901973
901993
901997
902009
902017
902029
902039
902047
902053
902087
902089
902119
902137
902141
902179
902191
902201
902227
902261
902263
902281
902299
902303
902311
902333
902347
902351
902357
902389
902401
902413
902437
902449
902471
902477
902483
902501
902507
902521
902563
902569
902579
902591
902597
902599
902611
902639
902653
902659
902669
902677
902687
902719
902723
902753
902761
902767
902771
902777
902789
902807
902821
902827
902849
902873
902903
902933
902953
902963
902971
902977
902981
902987
903017
903029
903037
903073
903079
903103
903109
903143
903151
903163
903179
903197
903211
903223
903251
903257
903269
903311
903323
903337
903347
903359
903367
903389
903391
903403
903407
903421
903443
903449
903451
903457
903479
903493
903527
903541
903547
903563
903569
903607
903613
903641
903649
903673
903677
903691
903701
903709
903751
903757
903761
903781
903803
903827
903841
903871
903883
903899
903913
903919
903949
903967
903979
904019
904027
904049
904067
904069
904073
904087
904093
904097
904103
904117
904121
904147
904157
904181
904193
904201
904207
904217
904219
904261
904283
904289
904297
904303
904357
904361
904369
904399
904441
904459
904483
904489
904499
904511
904513
904517
904523
904531
904559
904573
904577
904601
904619
904627
904633
904637
904643
904661
904663
904667
904679
904681
904693
904697
904721
904727
904733
904759
904769
904777
904781
904789
904793
904801
904811
904823
904847
904861
904867
904873
904879
904901
904903
904907
904919
904931
904933
904987
904997
904999
905011
905053
905059
905071
905083
905087
905111
905123
905137
905143
905147
905161
905167
905171
905189
905197
905207
905209
905213
905227
905249
905269
905291
905297
905299
905329
905339
905347
905381
905413
905449
905453
905461
905477
905491
905497
905507
905551
905581
905587
905599
905617
905621
905629
905647
905651
905659
905677
905683
905687
905693
905701
905713
905719
905759
905761
905767
905783
905803
905819
905833
905843
905897
905909
905917
905923
905951
905959
905963
905999
906007
906011
906013
906023
906029
906043
906089
906107
906119
906121
906133
906179
906187
906197
906203
906211
906229
906233
906259
906263
906289
906293
906313
906317
906329
906331
906343
906349
906371
906377
906383
906391
906403
906421
906427
906431
906461
906473
906481
906487
906497
906517
906523
906539
906541
906557
906589
906601
906613
906617
906641
906649
906673
906679
906691
906701
906707
906713
906727
906749
906751
906757
906767
906779
906793
906809
906817
906823
906839
906847
906869
906881
906901
906911
906923
906929
906931
906943
906949
906973
907019
907021
907031
907063
907073
907099
907111
907133
907139
907141
907163
907169
907183
907199
907211
907213
907217
907223
907229
907237
907259
907267
907279
907297
907301
907321
907331
907363
907367
907369
907391
907393
907397
907399
907427
907433
907447
907457
907469
907471
907481
907493
907507
907513
907549
907561
907567
907583
907589
907637
907651
907657
907663
907667
907691
907693
907703
907717
907723
907727
907733
907757
907759
907793
907807
907811
907813
907831
907843
907849
907871
907891
907909
907913
907927
907957
907967
907969
907997
907999
908003
908041
908053
908057
908071
908081
908101
908113
908129
908137
908153
908179
908183
908197
908213
908221
908233
908249
908287
908317
908321
908353
908359
908363
908377
908381
908417
908419
908441
908449
908459
908471
908489
908491
908503
908513
908521
908527
908533
908539
908543
908549
908573
908581
908591
908597
908603
908617
908623
908627
908653
908669
908671
908711
908723
908731
908741
908749
908759
908771
908797
908807
908813
908819
908821
908849
908851
908857
908861
908863
908879
908881
908893
908909
908911
908927
908953
908959
908993
909019
909023
909031
909037
909043
909047
909061
909071
909089
909091
909107
909113
909119
909133
909151
909173
909203
909217
909239
909241
909247
909253
909281
909287
909289
909299
909301
909317
909319
909329
909331
909341
909343
909371
909379
909383
909401
909409
909437
909451
909457
909463
909481
909521
909529
909539
909541
909547
909577
909599
909611
909613
909631
909637
909679
909683
909691
909697
909731
909737
909743
909761
909767
909773
909787
909791
909803
909809
909829
909833
909859
909863
909877
909889
909899
909901
909907
909911
909917
909971
909973
909977
910003
910031
910051
910069
910093
910097
910099
910103
910109
910121
910127
910139
910141
910171
910177
910199
910201
910207
910213
910219
910229
910277
910279
910307
910361
910369
910421
910447
910451
910453
910457
910471
910519
910523
910561
910577
910583
910603
910619
910621
910627
910631
910643
910661
910691
910709
910711
910747
910751
910771
910781
910787
910799
910807
910817
910849
910853
910883
910909
910939
910957
910981
911003
911011
911023
911033
911039
911063
911077
911087
911089
911101
911111
911129
911147
911159
911161
911167
911171
911173
911179
911201
911219
911227
911231
911233
911249
911269
911291
911293
911303
911311
911321
911327
911341
911357
911359
911363
911371
911413
911419
911437
911453
911459
911503
911507
911527
911549
911593
911597
911621
911633
911657
911663
911671
911681
911683
911689
911707
911719
911723
911737
911749
911773
911777
911783
911819
911831
911837
911839
911851
911861
911873
911879
911893
911899
911903
911917
911947
911951
911957
911959
911969
912007
912031
912047
912049
912053
912061
912083
912089
912103
912167
912173
912187
912193
912211
912217
912227
912239
912251
912269
912287
912337
912343
912349
912367
912391
912397
912403
912409
912413
912449
912451
912463
912467
912469
912481
912487
912491
912497
912511
912521
912523
912533
912539
912559
912581
912631
912647
912649
912727
912763
912773
912797
912799
912809
912823
912829
912839
912851
912853
912859
912869
912871
912911
912929
912941
912953
912959
912971
912973
912979
912991
913013
913027
913037
913039
913063
913067
913103
913139
913151
913177
913183
913217
913247
913259
913279
913309
913321
913327
913331
913337
913373
913397
913417
913421
913433
913441
913447
913457
913483
913487
913513
913571
913573
913579
913589
913637
913639
913687
913709
913723
913739
913753
913771
913799
913811
913853
913873
913889
913907
913921
913933
913943
913981
913999
914021
914027
914041
914047
914117
914131
914161
914189
914191
914213
914219
914237
914239
914257
914269
914279
914293
914321
914327
914339
914351
914357
914359
914363
914369
914371
914429
914443
914449
914461
914467
914477
914491
914513
914519
914521
914533
914561
914569
914579
914581
914591
914597
914609
914611
914629
914647
914657
914701
914713
914723
914731
914737
914777
914783
914789
914791
914801
914813
914819
914827
914843
914857
914861
914867
914873
914887
914891
914897
914941
914951
914971
914981
915007
915017
915029
915041
915049
915053
915067
915071
915113
915139
915143
915157
915181
915191
915197
915199
915203
915221
915223
915247
915251
915253
915259
915283
915301
915311
915353
915367
915379
915391
915437
915451
915479
915487
915527
915533
915539
915547
915557
915587
915589
915601
915611
915613
915623
915631
915641
915659
915683
915697
915703
915727
915731
915737
915757
915763
915769
915799
915839
915851
915869
915881
915911
915917
915919
915947
915949
915961
915973
915991
916031
916033
916049
916057
916061
916073
916099
916103
916109
916121
916127
916129
916141
916169
916177
916183
916187
916189
916213
916217
916219
916259
916261
916273
916291
916319
916337
916339
916361
916367
916387
916411
916417
916441
916451
916457
916463
916469
916471
916477
916501
916507
916511
916537
916561
916571
916583
916613
916621
916633
916649
916651
916679
916703
916733
916771
916781
916787
916831
916837
916841
916859
916871
916879
916907
916913
916931
916933
916939
916961
916973
916999
917003
917039
917041
917051
917053
917083
917089
917093
917101
917113
917117
917123
917141
917153
917159
917173
917179
917209
917219
917227
917237
917239
917243
917251
917281
917291
917317
917327
917333
917353
917363
917381
917407
917443
917459
917461
917471
917503
917513
917519
917549
917557
917573
917591
917593
917611
917617
917629
917633
917641
917659
917669
917687
917689
917713
917729
917737
917753
917759
917767
917771
917773
917783
917789
917803
917809
917827
917831
917837
917843
917849
917869
917887
917893
917923
917927
917951
917971
917993
918011
918019
918041
918067
918079
918089
918103
918109
918131
918139
918143
918149
918157
918161
918173
918193
918199
918209
918223
918257
918259
918263
918283
918301
918319
918329
918341
918347
918353
918361
918371
918389
918397
918431
918433
918439
918443
918469
918481
918497
918529
918539
918563
918581
918583
918587
918613
918641
918647
918653
918677
918679
918683
918733
918737
918751
918763
918767
918779
918787
918793
918823
918829
918839
918857
918877
918889
918899
918913
918943
918947
918949
918959
918971
918989
919013
919019
919021
919031
919033
919063
919067
919081
919109
919111
919129
919147
919153
919169
919183
919189
919223
919229
919231
919249
919253
919267
919301
919313
919319
919337
919349
919351
919381
919393
919409
919417
919421
919423
919427
919447
919511
919519
919531
919559
919571
919591
919613
919621
919631
919679
919691
919693
919703
919729
919757
919759
919769
919781
919799
919811
919817
919823
919859
919871
919883
919901
919903
919913
919927
919937
919939
919949
919951
919969
919979
920011
920021
920039
920053
920107
920123
920137
920147
920149
920167
920197
920201
920203
920209
920219
920233
920263
920267
920273
920279
920281
920291
920323
920333
920357
920371
920377
920393
920399
920407
920411
920419
920441
920443
920467
920473
920477
920497
920509
920519
920539
920561
920609
920641
920651
920653
920677
920687
920701
920707
920729
920741
920743
920753
920761
920783
920789
920791
920807
920827
920833
920849
920863
920869
920891
920921
920947
920951
920957
920963
920971
920999
921001
921007
921013
921029
921031
921073
921079
921091
921121
921133
921143
921149
921157
921169
921191
921197
921199
921203
921223
921233
921241
921257
921259
921287
921293
921331
921353
921373
921379
921407
921409
921457
921463
921467
921491
921497
921499
921517
921523
921563
921581
921589
921601
921611
921629
921637
921643
921647
921667
921677
921703
921733
921737
921743
921749
921751
921761
921779
921787
921821
921839
921841
921871
921887
921889
921901
921911
921913
921919
921931
921959
921989
922021
922027
922037
922039
922043
922057
922067
922069
922073
922079
922081
922087
922099
922123
922169
922211
922217
922223
922237
922247
922261
922283
922289
922291
922303
922309
922321
922331
922333
922351
922357
922367
922391
922423
922451
922457
922463
922487
922489
922499
922511
922513
922517
922531
922549
922561
922601
922613
922619
922627
922631
922637
922639
922643
922667
922679
922681
922699
922717
922729
922739
922741
922781
922807
922813
922853
922861
922897
922907
922931
922973
922993
923017
923023
923029
923047
923051
923053
923107
923123
923129
923137
923141
923147
923171
923177
923179
923183
923201
923203
923227
923233
923239
923249
923309
923311
923333
923341
923347
923369
923371
923387
923399
923407
923411
923437
923441
923449
923453
923467
923471
923501
923509
923513
923539
923543
923551
923561
923567
923579
923581
923591
923599
923603
923617
923641
923653
923687
923693
923701
923711
923719
923743
923773
923789
923809
923833
923849
923851
923861
923869
923903
923917
923929
923939
923947
923953
923959
923963
923971
923977
923983
923987
924019
924023
924031
924037
924041
924043
924059
924073
924083
924097
924101
924109
924139
924151
924173
924191
924197
924241
924269
924281
924283
924299
924323
924337
924359
924361
924383
924397
924401
924403
924419
924421
924431
924437
924463
924493
924499
924503
924523
924527
924529
924551
924557
924601
924617
924641
924643
924659
924661
924683
924697
924709
924713
924719
924727
924731
924743
924751
924757
924769
924773
924779
924793
924809
924811
924827
924829
924841
924871
924877
924881
924907
924929
924961
924967
924997
925019
925027
925033
925039
925051
925063
925073
925079
925081
925087
925097
925103
925109
925117
925121
925147
925153
925159
925163
925181
925189
925193
925217
925237
925241
925271
925273
925279
925291
925307
925339
925349
925369
925373
925387
925391
925399
925409
925423
925447
925469
925487
925499
925501
925513
925517
925523
925559
925577
925579
925597
925607
925619
925621
925637
925649
925663
925669
925679
925697
925721
925733
925741
925783
925789
925823
925831
925843
925849
925891
925901
925913
925921
925937
925943
925949
925961
925979
925987
925997
926017
926027
926033
926077
926087
926089
926099
926111
926113
926129
926131
926153
926161
926171
926179
926183
926203
926227
926239
926251
926273
926293
926309
926327
926351
926353
926357
926377
926389
926399
926411
926423
926437
926461
926467
926489
926503
926507
926533
926537
926557
926561
926567
926581
926587
926617
926623
926633
926657
926659
926669
926671
926689
926701
926707
926741
926747
926767
926777
926797
926803
926819
926843
926851
926867
926879
926899
926903
926921
926957
926963
926971
926977
926983
927001
927007
927013
927049
927077
927083
927089
927097
927137
927149
927161
927167
927187
927191
927229
927233
927259
927287
927301
927313
927317
927323
927361
927373
927397
927403
927431
927439
927491
927497
927517
927529
927533
927541
927557
927569
927587
927629
927631
927643
927649
927653
927671
927677
927683
927709
927727
927743
927763
927769
927779
927791
927803
927821
927833
927841
927847
927853
927863
927869
927961
927967
927973
928001
928043
928051
928063
928079
928097
928099
928111
928139
928141
928153
928157
928159
928163
928177
928223
928231
928253
928267
928271
928273
928289
928307
928313
928331
928337
928351
928399
928409
928423
928427
928429
928453
928457
928463
928469
928471
928513
928547
928559
928561
928597
928607
928619
928621
928637
928643
928649
928651
928661
928679
928699
928703
928769
928771
928787
928793
928799
928813
928817
928819
928849
928859
928871
928883
928903
928913
928927
928933
928979
929003
929009
929011
929023
929029
929051
929057
929059
929063
929069
929077
929083
929087
929113
929129
929141
929153
929161
929171
929197
929207
929209
929239
929251
929261
929281
929293
929303
929311
929323
929333
929381
929389
929393
929399
929417
929419
929431
929459
929483
929497
929501
929507
929527
929549
929557
929561
929573
929581
929587
929609
929623
929627
929629
929639
929641
929647
929671
929693
929717
929737
929741
929743
929749
929777
929791
929807
929809
929813
929843
929861
929869
929881
929891
929897
929941
929953
929963
929977
929983
930011
930043
930071
930073
930077
930079
930089
930101
930113
930119
930157
930173
930179
930187
930191
930197
930199
930211
930229
930269
930277
930283
930287
930289
930301
930323
930337
930379
930389
930409
930437
930467
930469
930481
930491
930499
930509
930547
930551
930569
930571
930583
930593
930617
930619
930637
930653
930667
930689
930707
930719
930737
930749
930763
930773
930779
930817
930827
930841
930847
930859
930863
930889
930911
930931
930973
930977
930989
930991
931003
931013
931067
931087
931097
931123
931127
931129
931153
931163
931169
931181
931193
931199
931213
931237
931241
931267
931289
931303
931309
931313
931319
931351
931363
931387
931417
931421
931487
931499
931517
931529
931537
931543
931571
931573
931577
931597
931621
931639
931657
931691
931709
931727
931729
931739
931747
931751
931757
931781
931783
931789
931811
931837
931849
931859
931873
931877
931883
931901
931907
931913
931921
931933
931943
931949
931967
931981
931999
932003
932021
932039
932051
932081
932101
932117
932119
932131
932149
932153
932177
932189
932203
932207
932209
932219
932221
932227
932231
932257
932303
932317
932333
932341
932353
932357
932413
932417
932419
932431
932441
932447
932471
932473
932483
932497
932513
932521
932537
932549
932557
932563
932567
932579
932587
932593
932597
932609
932647
932651
932663
932677
932681
932683
932749
932761
932779
932783
932801
932803
932819
932839
932863
932879
932887
932917
932923
932927
932941
932947
932951
932963
932969
932983
932999
933001
933019
933047
933059
933061
933067
933073
933151
933157
933173
933199
933209
933217
933221
933241
933259
933263
933269
933293
933301
933313
933319
933329
933349
933389
933397
933403
933407
933421
933433
933463
933479
933497
933523
933551
933553
933563
933601
933607
933613
933643
933649
933671
933677
933703
933707
933739
933761
933781
933787
933797
933809
933811
933817
933839
933847
933851
933853
933883
933893
933923
933931
933943
933949
933953
933967
933973
933979
934001
934009
934033
934039
934049
934051
934057
934067
934069
934079
934111
934117
934121
934127
934151
934159
934187
934223
934229
934243
934253
934259
934277
934291
934301
934319
934343
934387
934393
934399
934403
934429
934441
934463
934469
934481
934487
934489
934499
934517
934523
934537
934543
934547
934561
934567
934579
934597
934603
934607
934613
934639
934669
934673
934693
934721
934723
934733
934753
934763
934771
934793
934799
934811
934831
934837
934853
934861
934883
934889
934891
934897
934907
934909
934919
934939
934943
934951
934961
934979
934981
935003
935021
935023
935059
935063
935071
935093
935107
935113
935147
935149
935167
935183
935189
935197
935201
935213
935243
935257
935261
935303
935339
935353
935359
935377
935381
935393
935399
935413
935423
935443
935447
935461
935489
935507
935513
935531
935537
935581
935587
935591
935593
935603
935621
935639
935651
935653
935677
935687
935689
935699
935707
935717
935719
935761
935771
935777
935791
935813
935819
935827
935839
935843
935861
935899
935903
935971
935999
936007
936029
936053
936097
936113
936119
936127
936151
936161
936179
936181
936197
936203
936223
936227
936233
936253
936259
936281
936283
936311
936319
936329
936361
936379
936391
936401
936407
936413
936437
936451
936469
936487
936493
936499
936511
936521
936527
936539
936557
936577
936587
936599
936619
936647
936659
936667
936673
936679
936697
936709
936713
936731
936737
936739
936769
936773
936779
936797
936811
936827
936869
936889
936907
936911
936917
936919
936937
936941
936953
936967
937003
937007
937009
937031
937033
937049
937067
937121
937127
937147
937151
937171
937187
937207
937229
937231
937241
937243
937253
937331
937337
937351
937373
937379
937421
937429
937459
937463
937477
937481
937501
937511
937537
937571
937577
937589
937591
937613
937627
937633
937637
937639
937661
937663
937667
937679
937681
937693
937709
937721
937747
937751
937777
937789
937801
937813
937819
937823
937841
937847
937877
937883
937891
937901
937903
937919
937927
937943
937949
937969
937991
938017
938023
938027
938033
938051
938053
938057
938059
938071
938083
938089
938099
938107
938117
938129
938183
938207
938219
938233
938243
938251
938257
938263
938279
938293
938309
938323
938341
938347
938351
938359
938369
938387
938393
938437
938447
938453
938459
938491
938507
938533
938537
938563
938569
938573
938591
938611
938617
938659
938677
938681
938713
938747
938761
938803
938807
938827
938831
938843
938857
938869
938879
938881
938921
938939
938947
938953
938963
938969
938981
938983
938989
939007
939011
939019
939061
939089
939091
939109
939119
939121
939157
939167
939179
939181
939193
939203
939229
939247
939287
939293
939299
939317
939347
939349
939359
939361
939373
939377
939391
939413
939431
939439
939443
939451
939469
939487
939511
939551
939581
939599
939611
939613
939623
939649
939661
939677
939707
939713
939737
939739
939749
939767
939769
939773
939791
939793
939823
939839
939847
939853
939871
939881
939901
939923
939931
939971
939973
939989
939997
940001
940003
940019
940031
940067
940073
940087
940097
940127
940157
940169
940183
940189
940201
940223
940229
940241
940249
940259
940271
940279
940297
940301
940319
940327
940349
940351
940361
940369
940399
940403
940421
940469
940477
940483
940501
940523
940529
940531
940543
940547
940549
940553
940573
940607
940619
940649
940669
940691
940703
940721
940727
940733
940739
940759
940781
940783
940787
940801
940813
940817
940829
940853
940871
940879
940889
940903
940913
940921
940931
940949
940957
940981
940993
941009
941011
941023
941027
941041
941093
941099
941117
941119
941123
941131
941153
941159
941167
941179
941201
941207
941209
941221
941249
941251
941263
941267
941299
941309
941323
941329
941351
941359
941383
941407
941429
941441
941449
941453
941461
941467
941471
941489
941491
941503
941509
941513
941519
941537
941557
941561
941573
941593
941599
941609
941617
941641
941653
941663
941669
941671
941683
941701
941723
941737
941741
941747
941753
941771
941791
941813
941839
941861
941879
941903
941911
941929
941933
941947
941971
941981
941989
941999
942013
942017
942031
942037
942041
942043
942049
942061
942079
942091
942101
942113
942143
942163
942167
942169
942187
942199
942217
942223
942247
942257
942269
942301
942311
942313
942317
942341
942367
942371
942401
942433
942437
942439
942449
942479
942509
942521
942527
942541
942569
942577
942583
942593
942607
942637
942653
942659
942661
942691
942709
942719
942727
942749
942763
942779
942787
942811
942827
942847
942853
942857
942859
942869
942883
942889
942899
942901
942917
942943
942979
942983
943003
943009
943013
943031
943043
943057
943073
943079
943081
943091
943097
943127
943139
943153
943157
943183
943199
943213
943219
943231
943249
943273
943277
943289
943301
943303
943307
943321
943343
943357
943363
943367
943373
943387
943403
943409
943421
943429
943471
943477
943499
943511
943541
943543
943567
943571
943589
943601
943603
943637
943651
943693
943699
943729
943741
943751
943757
943763
943769
943777
943781
943783
943799
943801
943819
943837
943841
943843
943849
943871
943903
943909
943913
943931
943951
943967
944003
944017
944029
944039
944071
944077
944123
944137
944143
944147
944149
944161
944179
944191
944233
944239
944257
944261
944263
944297
944309
944329
944369
944387
944389
944393
944399
944417
944429
944431
944453
944467
944473
944491
944497
944519
944521
944527
944533
944543
944551
944561
944563
944579
944591
944609
944621
944651
944659
944677
944687
944689
944701
944711
944717
944729
944731
944773
944777
944803
944821
944833
944857
944873
944887
944893
944897
944899
944929
944953
944963
944969
944987
945031
945037
945059
945089
945103
945143
945151
945179
945209
945211
945227
945233
945289
945293
945331
945341
945349
945359
945367
945377
945389
945391
945397
945409
945431
945457
945463
945473
945479
945481
945521
945547
945577
945587
945589
945601
945629
945631
945647
945671
945673
945677
945701
945731
945733
945739
945767
945787
945799
945809
945811
945817
945823
945851
945881
945883
945887
945899
945907
945929
945937
945941
945943
945949
945961
945983
946003
946021
946031
946037
946079
946081
946091
946093
946109
946111
946123
946133
946163
946177
946193
946207
946223
946249
946273
946291
946307
946327
946331
946367
946369
946391
946397
946411
946417
946453
946459
946469
946487
946489
946507
946511
946513
946549
946573
946579
946607
946661
946663
946667
946669
946681
946697
946717
946727
946733
946741
946753
946769
946783
946801
946819
946823
946853
946859
946861
946873
946877
946901
946919
946931
946943
946949
946961
946969
946987
946993
946997
947027
947033
947083
947119
947129
947137
947171
947183
947197
947203
947239
947263
947299
947327
947341
947351
947357
947369
947377
947381
947383
947389
947407
947411
947413
947417
947423
947431
947449
947483
947501
947509
947539
947561
947579
947603
947621
947627
947641
947647
947651
947659
947707
947711
947719
947729
947741
947743
947747
947753
947773
947783
947803
947819
947833
947851
947857
947861
947873
947893
947911
947917
947927
947959
947963
947987
948007
948019
948029
948041
948049
948053
948061
948067
948089
948091
948133
948139
948149
948151
948169
948173
948187
948247
948253
948263
948281
948287
948293
948317
948331
948349
948377
948391
948401
948403
948407
948427
948439
948443
948449
948457
948469
948487
948517
948533
948547
948551
948557
948581
948593
948659
948671
948707
948713
948721
948749
948767
948797
948799
948839
948847
948853
948877
948887
948901
948907
948929
948943
948947
948971
948973
948989
949001
949019
949021
949033
949037
949043
949051
949111
949121
949129
949147
949153
949159
949171
949211
949213
949241
949243
949253
949261
949303
949307
949381
949387
949391
949409
949423
949427
949439
949441
949451
949453
949471
949477
949513
949517
949523
949567
949583
949589
949607
949609
949621
949631
949633
949643
949649
949651
949667
949673
949687
949691
949699
949733
949759
949771
949777
949789
949811
949849
949853
949889
949891
949903
949931
949937
949939
949951
949957
949961
949967
949973
949979
949987
949997
950009
950023
950029
950039
950041
950071
950083
950099
950111
950149
950161
950177
950179
950207
950221
950227
950231
950233
950239
950251
950269
950281
950329
950333
950347
950357
950363
950393
950401
950423
950447
950459
950461
950473
950479
950483
950497
950501
950507
950519
950527
950531
950557
950569
950611
950617
950633
950639
950647
950671
950681
950689
950693
950699
950717
950723
950737
950743
950753
950783
950791
950809
950813
950819
950837
950839
950867
950869
950879
950921
950927
950933
950947
950953
950959
950993
951001
951019
951023
951029
951047
951053
951059
951061
951079
951089
951091
951101
951107
951109
951131
951151
951161
951193
951221
951259
951277
951281
951283
951299
951331
951341
951343
951361
951367
951373
951389
951407
951413
951427
951437
951449
951469
951479
951491
951497
951553
951557
951571
951581
951583
951589
951623
951637
951641
951647
951649
951659
951689
951697
951749
951781
951787
951791
951803
951829
951851
951859
951887
951893
951911
951941
951943
951959
951967
951997
952001
952009
952037
952057
952073
952087
952097
952111
952117
952123
952129
952141
952151
952163
952169
952183
952199
952207
952219
952229
952247
952253
952277
952279
952291
952297
952313
952349
952363
952379
952381
952397
952423
952429
952439
952481
952487
952507
952513
952541
952547
952559
952573
952583
952597
952619
952649
952657
952667
952669
952681
952687
952691
952709
952739
952741
952753
952771
952789
952811
952813
952823
952829
952843
952859
952873
952877
952883
952921
952927
952933
952937
952943
952957
952967
952979
952981
952997
953023
953039
953041
953053
953077
953081
953093
953111
953131
953149
953171
953179
953191
953221
953237
953243
953261
953273
953297
953321
953333
953341
953347
953399
953431
953437
953443
953473
953483
953497
953501
953503
953507
953521
953539
953543
953551
953567
953593
953621
953639
953647
953651
953671
953681
953699
953707
953731
953747
953773
953789
953791
953831
953851
953861
953873
953881
953917
953923
953929
953941
953969
953977
953983
953987
954001
954007
954011
954043
954067
954097
954103
954131
954133
954139
954157
954167
954181
954203
954209
954221
954229
954253
954257
954259
954263
954269
954277
954287
954307
954319
954323
954367
954377
954379
954391
954409
954433
954451
954461
954469
954491
954497
954509
954517
954539
954571
954599
954619
954623
954641
954649
954671
954677
954697
954713
954719
954727
954743
954757
954763
954827
954829
954847
954851
954853
954857
954869
954871
954911
954917
954923
954929
954971
954973
954977
954979
954991
955037
955039
955051
955061
955063
955091
955093
955103
955127
955139
955147
955153
955183
955193
955211
955217
955223
955243
955261
955267
955271
955277
955307
955309
955313
955319
955333
955337
955363
955379
955391
955433
955439
955441
955457
955469
955477
955481
955483
955501
955511
955541
955601
955607
955613
955649
955657
955693
955697
955709
955711
955727
955729
955769
955777
955781
955793
955807
955813
955819
955841
955853
955879
955883
955891
955901
955919
955937
955939
955951
955957
955963
955967
955987
955991
955993
956003
956051
956057
956083
956107
956113
956119
956143
956147
956177
956231
956237
956261
956269
956273
956281
956303
956311
956341
956353
956357
956377
956383
956387
956393
956399
956401
956429
956477
956503
956513
956521
956569
956587
956617
956633
956689
956699
956713
956723
956749
956759
956789
956801
956831
956843
956849
956861
956881
956903
956909
956929
956941
956951
956953
956987
956993
956999
957031
957037
957041
957043
957059
957071
957091
957097
957107
957109
957119
957133
957139
957161
957169
957181
957193
957211
957221
957241
957247
957263
957289
957317
957331
957337
957349
957361
957403
957409
957413
957419
957431
957433
957499
957529
957547
957553
957557
957563
957587
957599
957601
957611
957641
957643
957659
957701
957703
957709
957721
957731
957751
957769
957773
957811
957821
957823
957851
957871
957877
957889
957917
957937
957949
957953
957959
957977
957991
958007
958021
958039
958043
958049
958051
958057
958063
958121
958123
958141
958159
958163
958183
958193
958213
958259
958261
958289
958313
958319
958327
958333
958339
958343
958351
958357
958361
958367
958369
958381
958393
958423
958439
958459
958481
958487
958499
958501
958519
958523
958541
958543
958547
958549
958553
958577
958609
958627
958637
958667
958669
958673
958679
958687
958693
958729
958739
958777
958787
958807
958819
958829
958843
958849
958871
958877
958883
958897
958901
958921
958931
958933
958957
958963
958967
958973
959009
959083
959093
959099
959131
959143
959149
959159
959173
959183
959207
959209
959219
959227
959237
959263
959267
959269
959279
959323
959333
959339
959351
959363
959369
959377
959383
959389
959449
959461
959467
959471
959473
959477
959479
959489
959533
959561
959579
959597
959603
959617
959627
959659
959677
959681
959689
959719
959723
959737
959759
959773
959779
959801
959809
959831
959863
959867
959869
959873
959879
959887
959911
959921
959927
959941
959947
959953
959969
960017
960019
960031
960049
960053
960059
960077
960119
960121
960131
960137
960139
960151
960173
960191
960199
960217
960229
960251
960259
960293
960299
960329
960331
960341
960353
960373
960383
960389
960419
960467
960493
960497
960499
960521
960523
960527
960569
960581
960587
960593
960601
960637
960643
960647
960649
960667
960677
960691
960703
960709
960737
960763
960793
960803
960809
960829
960833
960863
960889
960931
960937
960941
960961
960977
960983
960989
960991
961003
961021
961033
961063
961067
961069
961073
961087
961091
961097
961099
961109
961117
961123
961133
961139
961141
961151
961157
961159
961183
961187
961189
961201
961241
961243
961273
961277
961283
961313
961319
961339
961393
961397
961399
961427
961447
961451
961453
961459
961487
961507
961511
961529
961531
961547
961549
961567
961601
961613
961619
961627
961633
961637
961643
961657
961661
961663
961679
961687
961691
961703
961729
961733
961739
961747
961757
961769
961777
961783
961789
961811
961813
961817
961841
961847
961853
961861
961871
961879
961927
961937
961943
961957
961973
961981
961991
961993
962009
962011
962033
962041
962051
962063
962077
962099
962119
962131
962161
962177
962197
962233
962237
962243
962257
962267
962303
962309
962341
962363
962413
962417
962431
962441
962447
962459
962461
962471
962477
962497
962503
962509
962537
962543
962561
962569
962587
962603
962609
962617
962623
962627
962653
962669
962671
962677
962681
962683
962737
962743
962747
962779
962783
962789
962791
962807
962837
962839
962861
962867
962869
962903
962909
962911
962921
962959
962963
962971
962993
963019
963031
963043
963047
963097
963103
963121
963143
963163
963173
963181
963187
963191
963211
963223
963227
963239
963241
963253
963283
963299
963301
963311
963323
963331
963341
963343
963349
963367
963379
963397
963419
963427
963461
963481
963491
963497
963499
963559
963581
963601
963607
963629
963643
963653
963659
963667
963689
963691
963701
963707
963709
963719
963731
963751
963761
963763
963779
963793
963799
963811
963817
963839
963841
963847
963863
963871
963877
963899
963901
963913
963943
963973
963979
964009
964021
964027
964039
964049
964081
964097
964133
964151
964153
964199
964207
964213
964217
964219
964253
964259
964261
964267
964283
964289
964297
964303
964309
964333
964339
964351
964357
964363
964373
964417
964423
964433
964463
964499
964501
964507
964517
964519
964531
964559
964571
964577
964583
964589
964609
964637
964661
964679
964693
964697
964703
964721
964753
964757
964783
964787
964793
964823
964829
964861
964871
964879
964883
964889
964897
964913
964927
964933
964939
964967
964969
964973
964981
965023
965047
965059
965087
965089
965101
965113
965117
965131
965147
965161
965171
965177
965179
965189
965191
965197
965201
965227
965233
965249
965267
965291
965303
965317
965329
965357
965369
965399
965401
965407
965411
965423
965429
965443
965453
965467
965483
965491
965507
965519
965533
965551
965567
965603
965611
965621
965623
965639
965647
965659
965677
965711
965749
965759
965773
965777
965779
965791
965801
965843
965851
965857
965893
965927
965953
965963
965969
965983
965989
966011
966013
966029
966041
966109
966113
966139
966149
966157
966191
966197
966209
966211
966221
966227
966233
966241
966257
966271
966293
966307
966313
966319
966323
966337
966347
966353
966373
966377
966379
966389
966401
966409
966419
966431
966439
966463
966481
966491
966499
966509
966521
966527
966547
966557
966583
966613
966617
966619
966631
966653
966659
966661
966677
966727
966751
966781
966803
966817
966863
966869
966871
966883
966893
966907
966913
966919
966923
966937
966961
966971
966991
966997
967003
967019
967049
967061
967111
967129
967139
967171
967201
967229
967259
967261
967289
967297
967319
967321
967327
967333
967349
967361
967363
967391
967397
967427
967429
967441
967451
967459
967481
967493
967501
967507
967511
967529
967567
967583
967607
967627
967663
967667
967693
967699
967709
967721
967739
967751
967753
967763
967781
967787
967819
967823
967831
967843
967847
967859
967873
967877
967903
967919
967931
967937
967951
967961
967979
967999
968003
968017
968021
968027
968041
968063
968089
968101
968111
968113
968117
968137
968141
968147
968159
968173
968197
968213
968237
968239
968251
968263
968267
968273
968291
968299
968311
968321
968329
968333
968353
968377
968381
968389
968419
968423
968431
968437
968459
968467
968479
968501
968503
968519
968521
968537
968557
968567
968573
968593
968641
968647
968659
968663
968689
968699
968713
968729
968731
968761
968801
968809
968819
968827
968831
968857
968879
968897
968909
968911
968917
968939
968959
968963
968971
969011
969037
969041
969049
969071
969083
969097
969109
969113
969131
969139
969167
969179
969181
969233
969239
969253
969257
969259
969271
969301
969341
969343
969347
969359
969377
969403
969407
969421
969431
969433
969443
969457
969461
969467
969481
969497
969503
969509
969533
969559
969569
969593
969599
969637
969641
969667
969671
969677
969679
969713
969719
969721
969743
969757
969763
969767
969791
969797
969809
969821
969851
969863
969869
969877
969889
969907
969911
969919
969923
969929
969977
969989
970027
970031
970043
970051
970061
970063
970069
970087
970091
970111
970133
970147
970201
970213
970217
970219
970231
970237
970247
970259
970261
970267
970279
970297
970303
970313
970351
970391
970421
970423
970433
970441
970447
970457
970469
970481
970493
970537
970549
970561
970573
970583
970603
970633
970643
970657
970667
970687
970699
970721
970747
970777
970787
970789
970793
970799
970813
970817
970829
970847
970859
970861
970867
970877
970883
970903
970909
970927
970939
970943
970961
970967
970969
970987
970997
970999
971021
971027
971029
971039
971051
971053
971063
971077
971093
971099
971111
971141
971143
971149
971153
971171
971177
971197
971207
971237
971251
971263
971273
971279
971281
971291
971309
971339
971353
971357
971371
971381
971387
971389
971401
971419
971429
971441
971473
971479
971483
971491
971501
971513
971521
971549
971561
971563
971569
971591
971639
971651
971653
971683
971693
971699
971713
971723
971753
971759
971767
971783
971821
971833
971851
971857
971863
971899
971903
971917
971921
971933
971939
971951
971959
971977
971981
971989
972001
972017
972029
972031
972047
972071
972079
972091
972113
972119
972121
972131
972133
972137
972161
972163
972197
972199
972221
972227
972229
972259
972263
972271
972277
972313
972319
972329
972337
972343
972347
972353
972373
972403
972407
972409
972427
972431
972443
972469
972473
972481
972493
972533
972557
972577
972581
972599
972611
972613
972623
972637
972649
972661
972679
972683
972701
972721
972787
972793
972799
972823
972827
972833
972847
972869
972887
972899
972901
972941
972943
972967
972977
972991
973001
973003
973031
973033
973051
973057
973067
973069
973073
973081
973099
973129
973151
973169
973177
973187
973213
973253
973277
973279
973283
973289
973321
973331
973333
973367
973373
973387
973397
973409
973411
973421
973439
973459
973487
973523
973529
973537
973547
973561
973591
973597
973631
973657
973669
973681
973691
973727
973757
973759
973781
973787
973789
973801
973813
973823
973837
973853
973891
973897
973901
973919
973957
974003
974009
974033
974041
974053
974063
974089
974107
974123
974137
974143
974147
974159
974161
974167
974177
974179
974189
974213
974249
974261
974269
974273
974279
974293
974317
974329
974359
974383
974387
974401
974411
974417
974419
974431
974437
974443
974459
974473
974489
974497
974507
974513
974531
974537
974539
974551
974557
974563
974581
974591
974599
974651
974653
974657
974707
974711
974713
974737
974747
974749
974761
974773
974803
974819
974821
974837
974849
974861
974863
974867
974873
974879
974887
974891
974923
974927
974957
974959
974969
974971
974977
974983
974989
974999
975011
975017
975049
975053
975071
975083
975089
975133
975151
975157
975181
975187
975193
975199
975217
975257
975259
975263
975277
975281
975287
975313
975323
975343
975367
975379
975383
975389
975421
975427
975433
975439
975463
975493
975497
975509
975521
975523
975551
975553
975581
975599
975619
975629
975643
975649
975661
975671
975691
975701
975731
975739
975743
975797
975803
975811
975823
975827
975847
975857
975869
975883
975899
975901
975907
975941
975943
975967
975977
975991
976009
976013
976033
976039
976091
976093
976103
976109
976117
976127
976147
976177
976187
976193
976211
976231
976253
976271
976279
976301
976303
976307
976309
976351
976369
976403
976411
976439
976447
976453
976457
976471
976477
976483
976489
976501
976513
976537
976553
976559
976561
976571
976601
976607
976621
976637
976639
976643
976669
976699
976709
976721
976727
976777
976799
976817
976823
976849
976853
976883
976909
976919
976933
976951
976957
976991
977021
977023
977047
977057
977069
977087
977107
977147
977149
977167
977183
977191
977203
977209
977233
977239
977243
977257
977269
977299
977323
977351
977357
977359
977363
977369
977407
977411
977413
977437
977447
977507
977513
977521
977539
977567
977591
977593
977609
977611
977629
977671
977681
977693
977719
977723
977747
977761
977791
977803
977813
977819
977831
977849
977861
977881
977897
977923
977927
977971
978001
978007
978011
978017
978031
978037
978041
978049
978053
978067
978071
978073
978077
978079
978091
978113
978149
978151
978157
978179
978181
978203
978209
978217
978223
978233
978239
978269
978277
978283
978287
978323
978337
978343
978347
978349
978359
978389
978403
978413
978427
978449
978457
978463
978473
978479
978491
978511
978521
978541
978569
978599
978611
978617
978619
978643
978647
978683
978689
978697
978713
978727
978743
978749
978773
978797
978799
978821
978839
978851
978853
978863
978871
978883
978907
978917
978931
978947
978973
978997
979001
979009
979031
979037
979061
979063
979093
979103
979109
979117
979159
979163
979171
979177
979189
979201
979207
979211
979219
979229
979261
979273
979283
979291
979313
979327
979333
979337
979343
979361
979369
979373
979379
979403
979423
979439
979457
979471
979481
979519
979529
979541
979543
979549
979553
979567
979651
979691
979709
979717
979747
979757
979787
979807
979819
979831
979873
979883
979889
979907
979919
979921
979949
979969
979987
980027
980047
980069
980071
980081
980107
980117
980131
980137
980149
980159
980173
980179
980197
980219
980249
980261
980293
980299
980321
980327
980363
980377
980393
980401
980417
980423
980431
980449
980459
980471
980489
980491
980503
980549
980557
980579
980587
980591
980593
980599
980621
980641
980677
980687
980689
980711
980717
980719
980729
980731
980773
980801
980803
980827
980831
980851
980887
980893
980897
980899
980909
980911
980921
980957
980963
980999
981011
981017
981023
981037
981049
981061
981067
981073
981077
981091
981133
981137
981139
981151
981173
981187
981199
981209
981221
981241
981263
981271
981283
981287
981289
981301
981311
981319
981373
981377
981391
981397
981419
981437
981439
981443
981451
981467
981473
981481
981493
981517
981523
981527
981569
981577
981587
981599
981601
981623
981637
981653
981683
981691
981697
981703
981707
981713
981731
981769
981797
981809
981811
981817
981823
981887
981889
981913
981919
981941
981947
981949
981961
981979
981983
982021
982057
982061
982063
982067
982087
982097
982099
982103
982117
982133
982147
982151
982171
982183
982187
982211
982213
982217
982231
982271
982273
982301
982321
982337
982339
982343
982351
982363
982381
982393
982403
982453
982489
982493
982559
982571
982573
982577
982589
982603
982613
982621
982633
982643
982687
982693
982697
982703
982741
982759
982769
982777
982783
982789
982801
982819
982829
982841
982843
982847
982867
982871
982903
982909
982931
982939
982967
982973
982981
983063
983069
983083
983113
983119
983123
983131
983141
983149
983153
983173
983179
983189
983197
983209
983233
983239
983243
983261
983267
983299
983317
983327
983329
983347
983363
983371
983377
983407
983429
983431
983441
983443
983447
983449
983461
983491
983513
983519
983527
983531
983533
983557
983579
983581
983597
983617
983659
983699
983701
983737
983771
983777
983783
983789
983791
983803
983809
983813
983819
983849
983861
983863
983881
983911
983923
983929
983951
983987
983993
984007
984017
984037
984047
984059
984083
984091
984119
984121
984127
984149
984167
984199
984211
984241
984253
984299
984301
984307
984323
984329
984337
984341
984349
984353
984359
984367
984383
984391
984397
984407
984413
984421
984427
984437
984457
984461
984481
984491
984497
984539
984541
984563
984583
984587
984593
984611
984617
984667
984689
984701
984703
984707
984733
984749
984757
984761
984817
984847
984853
984859
984877
984881
984911
984913
984917
984923
984931
984947
984959
985003
985007
985013
985027
985057
985063
985079
985097
985109
985121
985129
985151
985177
985181
985213
985219
985253
985277
985279
985291
985301
985307
985331
985339
985351
985379
985399
985403
985417
985433
985447
985451
985463
985471
985483
985487
985493
985499
985519
985529
985531
985547
985571
985597
985601
985613
985631
985639
985657
985667
985679
985703
985709
985723
985729
985741
985759
985781
985783
985799
985807
985819
985867
985871
985877
985903
985921
985937
985951
985969
985973
985979
985981
985991
985993
985997
986023
986047
986053
986071
986101
986113
986131
986137
986143
986147
986149
986177
986189
986191
986197
986207
986213
986239
986257
986267
986281
986287
986333
986339
986351
986369
986411
986417
986429
986437
986471
986477
986497
986507
986509
986519
986533
986543
986563
986567
986569
986581
986593
986597
986599
986617
986633
986641
986659
986693
986707
986717
986719
986729
986737
986749
986759
986767
986779
986801
986813
986819
986837
986849
986851
986857
986903
986927
986929
986933
986941
986959
986963
986981
986983
986989
987013
987023
987029
987043
987053
987061
987067
987079
987083
987089
987097
987101
987127
987143
987191
987193
987199
987209
987211
987227
987251
987293
987299
987313
987353
987361
987383
987391
987433
987457
987463
987473
987491
987509
987523
987533
987541
987559
987587
987593
987599
987607
987631
987659
987697
987713
987739
987793
987797
987803
987809
987821
987851
987869
987911
987913
987929
987941
987971
987979
987983
987991
987997
988007
988021
988033
988051
988061
988067
988069
988093
988109
988111
988129
988147
988157
988199
988213
988217
988219
988231
988237
988243
988271
988279
988297
988313
988319
988321
988343
988357
988367
988409
988417
988439
988453
988459
988483
988489
988501
988511
988541
988549
988571
988577
988579
988583
988591
988607
988643
988649
988651
988661
988681
988693
988711
988727
988733
988759
988763
988783
988789
988829
988837
988849
988859
988861
988877
988901
988909
988937
988951
988963
988979
989011
989029
989059
989071
989081
989099
989119
989123
989171
989173
989231
989239
989249
989251
989279
989293
989309
989321
989323
989327
989341
989347
989353
989377
989381
989411
989419
989423
989441
989467
989477
989479
989507
989533
989557
989561
989579
989581
989623
989629
989641
989647
989663
989671
989687
989719
989743
989749
989753
989761
989777
989783
989797
989803
989827
989831
989837
989839
989869
989873
989887
989909
989917
989921
989929
989939
989951
989959
989971
989977
989981
989999
990001
990013
990023
990037
990043
990053
990137
990151
990163
990169
990179
990181
990211
990239
990259
990277
990281
990287
990289
990293
990307
990313
990323
990329
990331
990349
990359
990361
990371
990377
990383
990389
990397
990463
990469
990487
990497
990503
990511
990523
990529
990547
990559
990589
990593
990599
990631
990637
990643
990673
990707
990719
990733
990761
990767
990797
990799
990809
990841
990851
990881
990887
990889
990893
990917
990923
990953
990961
990967
990973
990989
991009
991027
991031
991037
991043
991057
991063
991069
991073
991079
991091
991127
991129
991147
991171
991181
991187
991201
991217
991223
991229
991261
991273
991313
991327
991343
991357
991381
991387
991409
991427
991429
991447
991453
991483
991493
991499
991511
991531
991541
991547
991567
991579
991603
991607
991619
991621
991633
991643
991651
991663
991693
991703
991717
991723
991733
991741
991751
991777
991811
991817
991867
991871
991873
991883
991889
991901
991909
991927
991931
991943
991951
991957
991961
991973
991979
991981
991987
991999
992011
992021
992023
992051
992087
992111
992113
992129
992141
992153
992179
992183
992219
992231
992249
992263
992267
992269
992281
992309
992317
992357
992359
992363
992371
992393
992417
992429
992437
992441
992449
992461
992513
992521
992539
992549
992561
992591
992603
992609
992623
992633
992659
992689
992701
992707
992723
992737
992777
992801
992809
992819
992843
992857
992861
992863
992867
992891
992903
992917
992923
992941
992947
992963
992983
993001
993011
993037
993049
993053
993079
993103
993107
993121
993137
993169
993197
993199
993203
993211
993217
993233
993241
993247
993253
993269
993283
993287
993319
993323
993341
993367
993397
993401
993407
993431
993437
993451
993467
993479
993481
993493
993527
993541
993557
993589
993611
993617
993647
993679
993683
993689
993703
993763
993779
993781
993793
993821
993823
993827
993841
993851
993869
993887
993893
993907
993913
993919
993943
993961
993977
993983
993997
994013
994027
994039
994051
994067
994069
994073
994087
994093
994141
994163
994181
994183
994193
994199
994229
994237
994241
994247
994249
994271
994297
994303
994307
994309
994319
994321
994337
994339
994363
994369
994391
994393
994417
994447
994453
994457
994471
994489
994501
994549
994559
994561
994571
994579
994583
994603
994621
994657
994663
994667
994691
994699
994709
994711
994717
994723
994751
994769
994793
994811
994813
994817
994831
994837
994853
994867
994871
994879
994901
994907
994913
994927
994933
994949
994963
994991
994997
995009
995023
995051
995053
995081
995117
995119
995147
995167
995173
995219
995227
995237
995243
995273
995303
995327
995329
995339
995341
995347
995363
995369
995377
995381
995387
995399
995431
995443
995447
995461
995471
995513
995531
995539
995549
995551
995567
995573
995587
995591
995593
995611
995623
995641
995651
995663
995669
995677
995699
995713
995719
995737
995747
995783
995791
995801
995833
995881
995887
995903
995909
995927
995941
995957
995959
995983
995987
995989
996001
996011
996019
996049
996067
996103
996109
996119
996143
996157
996161
996167
996169
996173
996187
996197
996209
996211
996253
996257
996263
996271
996293
996301
996311
996323
996329
996361
996367
996403
996407
996409
996431
996461
996487
996511
996529
996539
996551
996563
996571
996599
996601
996617
996629
996631
996637
996647
996649
996689
996703
996739
996763
996781
996803
996811
996841
996847
996857
996859
996871
996881
996883
996887
996899
996953
996967
996973
996979
997001
997013
997019
997021
997037
997043
997057
997069
997081
997091
997097
997099
997103
997109
997111
997121
997123
997141
997147
997151
997153
997163
997201
997207
997219
997247
997259
997267
997273
997279
997307
997309
997319
997327
997333
997343
997357
997369
997379
997391
997427
997433
997439
997453
997463
997511
997541
997547
997553
997573
997583
997589
997597
997609
997627
997637
997649
997651
997663
997681
997693
997699
997727
997739
997741
997751
997769
997783
997793
997807
997811
997813
997877
997879
997889
997891
997897
997933
997949
997961
997963
997973
997991
998009
998017
998027
998029
998069
998071
998077
998083
998111
998117
998147
998161
998167
998197
998201
998213
998219
998237
998243
998273
998281
998287
998311
998329
998353
998377
998381
998399
998411
998419
998423
998429
998443
998471
998497
998513
998527
998537
998539
998551
998561
998617
998623
998629
998633
998651
998653
998681
998687
998689
998717
998737
998743
998749
998759
998779
998813
998819
998831
998839
998843
998857
998861
998897
998909
998917
998927
998941
998947
998951
998957
998969
998983
998989
999007
999023
999029
999043
999049
999067
999083
999091
999101
999133
999149
999169
999181
999199
999217
999221
999233
999239
999269
999287
999307
999329
999331
999359
999371
999377
999389
999431
999433
999437
999451
999491
999499
999521
999529
999541
999553
999563
999599
999611
999613
999623
999631
999653
999667
999671
999683
999721
999727
999749
999763
999769
999773
999809
999853
999863
999883
999907
999917
999931
999953
999959
999961
999979
999983
